12738
62057
56881
11806
83992
57484
50329
77381
31051
66298
85050
31525
55105
30114
97329
85845
61664
13864
30187
92093
63878
1889
93542
89051
96463
4572
72461
22195
4463
10729
15671
92771
92453
34633
59721
42640
74676
29349
95874
33631
94603
39114
35183
26266
85543
27514
87003
6165
55707
78459
48545
3266
84575
45778
39938
38298
44787
99931
43240
1899
55509
81192
9901
63615
6271
45708
81525
45273
96255
51686
54586
13470
49998
63099
88195
98494
20379
94975
54503
39757
74315
4210
21119
34932
55658
10801
14819
19941
78907
31503
58976
98848
36611
86329
17118
92301
26393
20629
74829
58649